  -1.2331667e+02   4.9000000e+01
  -1.2296667e+02   4.8816667e+01
  -1.2325000e+02   4.8683333e+01
  -1.2311667e+02   4.8416667e+01
  -1.2351667e+02   4.8216667e+01
  -1.2676667e+02   4.9583333e+01
  -1.2841667e+02   5.0766667e+01
  -1.3101667e+02   5.1933333e+01
  -1.3300000e+02   5.3916667e+01
  -1.3076667e+02   5.4683333e+01
  -1.3000000e+02   5.6016667e+01
  -1.3180000e+02   5.6650000e+01
  -1.3345000e+02   5.8416667e+01
  -1.3541667e+02   5.9733333e+01
  -1.3738333e+02   5.8950000e+01
  -1.3913333e+02   6.0000000e+01
  -1.4100000e+02   6.0366667e+01
  -1.4100000e+02   6.5200000e+01
  -1.4100000e+02   6.9650000e+01
  -1.3548333e+02   6.9566667e+01
  -1.2815000e+02   7.0516667e+01
  -1.2576667e+02   7.1933333e+01
  -1.2461667e+02   7.4300000e+01
  -1.2270000e+02   7.6183333e+01
  -1.0530000e+02   7.9250000e+01
  -7.9383333e+01   8.2866667e+01
  -6.1550000e+01   8.2366667e+01
  -8.0283333e+01   7.4483333e+01
  -6.1533333e+01   6.6666667e+01
  -6.4600000e+01   6.0516667e+01
  -5.5733333e+01   5.3450000e+01
  -5.6583333e+01   5.1500000e+01
  -5.5783333e+01   4.9850000e+01
  -5.3616667e+01   4.9216667e+01
  -5.3116667e+01   4.6533333e+01
  -5.9316667e+01   4.7533333e+01
  -5.9883333e+01   4.5916667e+01
  -6.1100000e+01   4.5083333e+01
  -6.4066667e+01   4.4350000e+01
  -6.5700000e+01   4.3350000e+01
  -6.7033333e+01   4.4716667e+01
  -6.7816667e+01   4.5633333e+01
  -6.7933333e+01   4.7016667e+01
  -6.9333333e+01   4.7300000e+01
  -7.1633333e+01   4.5000000e+01
  -7.5066667e+01   4.5000000e+01
  -7.6816667e+01   4.3616667e+01
  -7.9216667e+01   4.3366667e+01
  -7.8916667e+01   4.2700000e+01
  -8.2683333e+01   4.1683333e+01
  -8.3133333e+01   4.2116667e+01
  -8.2550000e+01   4.2600000e+01
  -8.2150000e+01   4.3500000e+01
  -8.2583333e+01   4.5283333e+01
  -8.3616667e+01   4.5733333e+01
  -8.4916667e+01   4.6816667e+01
  -8.8316667e+01   4.8183333e+01
  -9.1816667e+01   4.8016667e+01
  -9.5216667e+01   4.9000000e+01
  -1.0133333e+02   4.9000000e+01
  -1.1000000e+02   4.9000000e+01
  -1.1400000e+02   4.9000000e+01
